0.0229492
0.0164752
0.0156768
0.0152535
0.0149759
0.0147708
0.014611
0.0144798
0.0143558
0.0142856
0.0141923
0.0141356
0.0140633
0.0140074
0.0139525
0.0139141
0.013876
0.0138182
0.0137888
0.0137617
0.0137111
0.0136764
0.0136629
0.0136351
0.0135978
0.0135672
0.0135519
0.0135224
0.0134957
0.0134834
0.0134588
0.013458
0.0134346
0.0133911
0.0133865
0.0133583
0.0133592
0.0133274
0.0133264
0.0133085
0.0132646
0.0132697
0.0132626
0.0132383
0.0132321
0.0132098
0.0132024
0.0131944
0.0131827
0.01316
0.0131501
0.0131347
0.0131324
0.013112
0.0131057
0.013103
0.0130902
0.0130836
0.0130693
0.0130553
0.0130448
0.0130371
0.0130401
0.0130094
0.0130086
0.0130083
0.0129889
0.0129923
0.0129944
0.0129703
0.0129658
0.0129401
0.0129387
0.0129159
0.012928
0.0129198
0.0129119
0.0129239
0.0128968
0.0128955
0.0129025
0.0128932
0.01287
