2.2392
1.76374
1.38843
1.13163
0.925343
0.767612
0.628451
0.536798
0.455674
0.397356
0.353302
0.318243
0.288834
0.262961
0.247667
0.232933
0.221741
0.215186
0.208796
0.204077
0.192629
0.184409
0.183553
0.177445
0.173182
0.168331
0.168445
0.16412
0.162407
0.158355
0.154354
0.152877
0.149877
0.144877
0.144673
0.145327
0.140519
0.140585
0.139509
0.132947
0.132741
0.131703
0.129322
0.128413
0.128305
0.125224
0.124785
0.122037
0.12184
0.122008
0.119898
0.118682
0.114285
0.118429
0.112775
0.111495
0.115639
0.111945
0.110468
0.107047
0.111775
0.107515
0.105303
0.105348
0.105909
0.103442
0.104659
0.102344
0.102056
0.102998
0.102575
0.0975954
0.0964931
0.0985482
0.0962787
0.0946559
0.0966542
0.0946754
0.092777
0.0939461
0.0931512
0.0919362
0.0904772
0.0902489
0.0904965
0.0907743
0.0882283
0.0895693
0.086169
0.08992
0.0866983
0.0862946
0.0850694
0.0859352
0.0851407
0.084895
0.0869232
0.0815334
0.0829387
0.0833906
0.0839066
0.0820445
0.0809254
0.0814096
0.0817517
0.0797994
0.0792101
0.0788669
0.0783514
0.0784139
0.0793015
0.077309
0.0749647
0.0755442
0.0763658
0.0755257
0.078869
0.0722482
0.071715
0.0766241
0.074731
0.0741997
0.0756694
0.0748289
0.0730985
0.0725013
0.0740072
0.0716664
0.0720602
0.0724908
0.0713808
0.069373
0.0698842
0.0694916
0.0695751
0.0695775
0.0697023
0.0702234
0.0692301
0.069127
0.0692077
0.0680678
0.0679366
0.0670036
0.069573
0.0678649
0.0673726
0.0675648
0.0662259
0.0645176
0.0660834
0.0662137
0.0650902
0.0653638
0.0647497
0.0661153
0.0655054
0.064087
0.0637018
0.0632567
0.0642808
0.0667792
0.0630158
0.063198
0.061832
0.0613151
0.0625821
0.0616475
0.0620717
0.0619569
0.0607733
0.062129
0.0586319
0.0605557
0.060662
0.0608348
0.0608413
0.0616393
0.0599659
0.0589825
0.0602973
0.0600631
0.0622465
0.0596872
0.0591487
0.0592187
0.0585551
0.0576535
0.0581525
0.058626
0.0593268
0.0576357
0.05855
0.0579345
0.0582604
0.0571791
0.0574239
0.0569046
0.0573373
0.0575483
