1.94769
1.5474
1.24164
1.00555
0.824223
0.683047
0.575106
0.491273
0.425933
0.375365
0.335614
0.304117
0.279067
0.25966
0.243493
0.23005
0.21903
0.209928
0.201951
0.195016
0.18918
0.18415
0.179485
0.175264
0.171421
0.167946
0.16469
0.161646
0.15876
0.156038
0.153549
0.151113
0.148736
0.146485
0.144368
0.142284
0.140302
0.138357
0.136468
0.13473
0.13301
0.131291
0.129685
0.128138
0.126603
0.125122
0.123691
0.122328
0.120998
0.119687
0.11843
0.117179
0.115989
0.114761
0.113676
0.112572
0.111471
0.110405
0.109387
0.108406
0.107427
0.106422
0.105523
0.104603
0.103735
0.102867
0.102019
0.101196
0.100348
0.099549
0.0987787
0.09803
0.0973027
0.0965805
0.0959007
0.0952381
0.0945795
0.093927
0.093284
0.0926448
0.0920232
0.0914007
0.0908261
0.0902182
0.0896683
0.0890688
0.0885307
0.088001
0.0874795
0.0869194
0.0864017
0.0858771
0.0853596
0.0848681
0.0844072
0.0839211
0.0834372
0.0830126
0.0825536
0.082099
0.0816378
0.0811971
0.0807683
0.0803454
0.0799402
0.0795447
0.07911
0.0787348
0.0783334
0.0779428
0.0775438
0.0771809
0.0768006
0.0764498
0.0761102
0.0757593
0.0754077
0.0750545
0.0747546
0.0744253
0.0740877
0.0737398
0.0733982
0.0730649
0.0727555
0.072433
0.0721118
0.0718245
0.0715006
0.0712088
0.0709217
0.0706665
0.0703875
0.0701032
0.0698338
0.0695733
0.0692869
0.069033
0.0687748
0.0685202
0.0682575
0.0679887
0.0677033
0.0674635
0.0672024
0.0669756
0.0667551
0.0665263
0.0663036
0.0660924
0.0658641
0.0656361
0.0654033
0.0651517
0.0649631
0.0647258
0.0644985
0.0642988
0.0641133
0.0638919
0.0636921
0.0634752
0.0632615
0.0630838
0.0629114
0.0627165
0.0625211
0.0623321
0.0621309
0.0619472
0.0617554
0.0615665
0.0613873
0.0612254
0.061059
0.060883
0.0606908
0.060543
0.0603907
0.0602274
0.0600668
0.0599116
0.0597398
0.0595751
0.0594165
0.0592599
0.0591216
0.0589728
0.05882
0.0586397
0.0584959
0.0583474
0.0581977
0.0580497
0.0579101
0.0577689
0.0576134
0.0574746
0.0573367
0.0571912
