0.0953934
0.036653
0.0313718
0.0289051
0.0273297
0.0263173
0.0247241
0.0245519
0.0233753
0.0232652
0.0229577
0.0224396
0.0226024
0.021562
0.0215312
0.0212769
0.0208871
0.0201955
0.0196272
0.0206416
0.0195388
0.0197624
0.0190299
0.0192456
0.0194058
0.0189072
0.0189908
0.0188821
0.0188539
0.0185717
0.0184773
0.0183638
0.0184179
0.0183959
0.0187608
0.0179344
0.0182862
0.0183632
0.0181019
0.0175543
0.0178136
0.0177172
0.0181265
0.0173597
0.0176694
0.0177277
0.0177884
0.0174175
0.0172744
0.0173626
0.0177354
0.017258
0.0175649
0.0173486
0.0172989
0.0175242
0.0168476
0.01683
0.0167111
0.0167133
