0.0175965
0.0164
0.0162539
0.0148857
0.0145859
0.0146445
0.0142029
0.0142691
0.0168338
0.0146504
0.01402
0.0139806
0.0151057
0.0139623
0.0146931
0.0141769
0.014518
0.0147258
0.0136303
0.0139041
0.0135486
0.0137022
0.0147731
0.0137111
0.0145113
0.0138794
0.0134528
0.0132769
0.0137454
0.0132551
0.0142299
0.0135784
0.013612
0.0136304
0.0140554
0.0137043
0.0133289
0.013569
0.0135219
0.0137477
0.0137608
0.0132497
0.0131792
0.0134924
0.0130498
0.0132603
0.0131053
0.0130701
0.0134011
0.0140951
0.0131645
0.0134539
0.0136537
0.0137843
0.0132614
0.0138714
0.0133296
0.013488
0.0131619
0.0130149
0.0132293
0.0134138
0.013527
0.013281
0.0135436
0.0131796
0.0130302
0.0131997
0.0132359
0.0132235
0.0127869
0.0135033
0.0134033
0.0139956
0.0129079
0.012835
0.0127178
0.0130082
0.0134427
0.0135415
0.0127225
0.0130311
0.0138807
