0.0434146
0.0343753
0.0315611
0.0283211
0.0266707
0.0261578
0.0260343
0.0241819
0.0237358
0.0233716
0.0229169
0.0220803
0.0221506
0.0217035
0.0210513
0.0213113
0.0209721
0.0209224
0.0201047
0.0205216
0.0203041
0.0197888
0.0200817
0.0195281
0.0193444
0.0191264
0.0198256
0.0191803
0.0192994
0.0190181
0.0187544
0.0189435
0.0195754
0.0183955
0.0185061
0.0182805
0.0184348
0.0184815
0.018457
0.0184011
0.0180426
0.0181414
0.0179532
0.0184478
0.0179616
0.0180643
0.0181547
0.0181247
0.0176406
0.0180327
0.0175812
0.0178211
0.018074
0.0172677
0.0175291
0.0176977
0.0178245
0.0174646
0.0174793
0.0173447
